lat=52.371967
lon=4.895782